Loading cached fluctuation features from patient_fluctuation.csv.gz
Patient features: 23 static + 96 fluctuation = 119
Loading cached window features from window_features.csv.gz
Windows: 106796  Window features: 73
Train: 18689  Val: 4005  Test: 4005  Train pos rate: 0.0485
Device: cpu
Epoch     Loss        LR   Trn AUC  Val F1m   Val AUC
-------------------------------------------------------
    1   0.1763   0.00010    0.4914   0.4991    0.4809  *best
   10   0.1388   0.00010    0.7662   0.5955    0.7516  *best
   20   0.1162   0.00010    0.8359   0.6095    0.8140  *best
   30   0.1041   0.00010    0.8608   0.6155    0.8358  *best
   40   0.0978   0.00010    0.8751   0.6225    0.8476  *best
   50   0.0938   0.00010    0.8847   0.6256    0.8559  *best
   60   0.0918   0.00010    0.8918   0.6278    0.8615  *best
   70   0.0876   0.00009    0.8972   0.6335    0.8654  *best
   80   0.0861   0.00009    0.9015   0.6370    0.8687  *best
   90   0.0835   0.00009    0.9054   0.6320    0.8709  *best
  100   0.0832   0.00009    0.9086   0.6382    0.8727  *best
  110   0.0807   0.00008    0.9114   0.6378    0.8744  *best
  120   0.0809   0.00008    0.9139   0.6387    0.8758  *best
  130   0.0793   0.00008    0.9163   0.6418    0.8771  *best
  140   0.0788   0.00008    0.9185   0.6438    0.8781  *best
  150   0.0788   0.00007    0.9205   0.6425    0.8790  *best
  160   0.0784   0.00007    0.9222   0.6447    0.8797  *best
  170   0.0771   0.00007    0.9237   0.6450    0.8802  *best
  180   0.0771   0.00006    0.9252   0.6475    0.8805  *best
  190   0.0753   0.00006    0.9265   0.6478    0.8810  *best
  200   0.0747   0.00006    0.9278   0.6480    0.8813  *best
  210   0.0746   0.00005    0.9290   0.6478    0.8815  *best
  220   0.0715   0.00005    0.9299   0.6490    0.8817  *best
  230   0.0734   0.00004    0.9308   0.6490    0.8819  *best
  240   0.0729   0.00004    0.9319   0.6487    0.8822  *best
  250   0.0703   0.00004    0.9327   0.6504    0.8822  *best
  260   0.0719   0.00003    0.9334   0.6514    0.8822  *best
  270   0.0723   0.00003    0.9341   0.6476    0.8824  *best
  280   0.0718   0.00003    0.9348   0.6488    0.8825  *best
  290   0.0698   0.00003    0.9355   0.6480    0.8825  *best
  300   0.0705   0.00002    0.9360   0.6480    0.8826  *best
  310   0.0713   0.00002    0.9365   0.6467    0.8827  *best
  320   0.0702   0.00002    0.9368   0.6496    0.8827  *best
  330   0.0712   0.00002    0.9372   0.6486    0.8827
  340   0.0707   0.00001    0.9375   0.6483    0.8828  *best
  350   0.0692   0.00001    0.9378   0.6489    0.8828
  360   0.0706   0.00001    0.9380   0.6477    0.8829  *best
  370   0.0701   0.00001    0.9383   0.6470    0.8829  *best
  380   0.0709   0.00001    0.9385   0.6477    0.8829  *best
  390   0.0695   0.00001    0.9387   0.6477    0.8829
  400   0.0714   0.00001    0.9389   0.6483    0.8830  *best
Best val AUC: 0.8830 at epoch 400
==================================================
TEST SET RESULTS (best checkpoint, argmax @ 0.5)
==================================================
accuracy     0.8754
precision    0.2291
recall       0.6649
f1_weighted  0.9026
f1_macro     0.6360
roc_auc      0.8713