Patient features: 23 static only (fluctuation OFF)
Loading cached window features from window_features.csv.gz
Windows: 106796  Window features: 73
Train: 18689  Val: 4005  Test: 4005  Train pos rate: 0.0485
Device: cpu
Epoch     Loss        LR   Trn AUC  Val F1m   Val AUC
-------------------------------------------------------
    1   0.2148   0.00010    0.3603   0.2841    0.3436  *best
   10   0.1513   0.00010    0.6758   0.5395    0.6710  *best
   20   0.1287   0.00010    0.8029   0.5940    0.8017  *best
   30   0.1153   0.00010    0.8354   0.5945    0.8302  *best
   40   0.1078   0.00010    0.8525   0.6166    0.8437  *best
   50   0.1029   0.00010    0.8642   0.6214    0.8539  *best
   60   0.1020   0.00010    0.8725   0.6262    0.8609  *best
   70   0.0978   0.00009    0.8784   0.6286    0.8657  *best
   80   0.0958   0.00009    0.8829   0.6371    0.8693  *best
   90   0.0923   0.00009    0.8866   0.6384    0.8722  *best
  100   0.0898   0.00009    0.8896   0.6400    0.8746  *best
  110   0.0907   0.00008    0.8921   0.6409    0.8766  *best
  120   0.0895   0.00008    0.8943   0.6347    0.8782  *best
  130   0.0868   0.00008    0.8961   0.6406    0.8794  *best
  140   0.0860   0.00008    0.8978   0.6421    0.8803  *best
  150   0.0859   0.00007    0.8993   0.6408    0.8814  *best
  160   0.0849   0.00007    0.9005   0.6440    0.8822  *best
  170   0.0846   0.00007    0.9017   0.6466    0.8829  *best
  180   0.0837   0.00006    0.9026   0.6446    0.8835  *best
  190   0.0831   0.00006    0.9035   0.6446    0.8840  *best
  200   0.0836   0.00006    0.9044   0.6458    0.8845  *best
  210   0.0820   0.00005    0.9051   0.6479    0.8849  *best
  220   0.0811   0.00005    0.9057   0.6486    0.8851  *best
  230   0.0817   0.00004    0.9062   0.6498    0.8855  *best
  240   0.0812   0.00004    0.9067   0.6495    0.8858  *best
  250   0.0813   0.00004    0.9072   0.6497    0.8861  *best
  260   0.0804   0.00003    0.9077   0.6519    0.8863  *best
  270   0.0817   0.00003    0.9081   0.6539    0.8865  *best
  280   0.0810   0.00003    0.9085   0.6529    0.8866  *best
  290   0.0800   0.00003    0.9088   0.6525    0.8868  *best
  300   0.0809   0.00002    0.9091   0.6532    0.8869  *best
  310   0.0804   0.00002    0.9094   0.6542    0.8870  *best
  320   0.0795   0.00002    0.9097   0.6545    0.8871  *best
  330   0.0787   0.00002    0.9099   0.6542    0.8872  *best
  340   0.0802   0.00001    0.9101   0.6535    0.8873  *best
  350   0.0802   0.00001    0.9103   0.6538    0.8874  *best
  360   0.0784   0.00001    0.9104   0.6532    0.8875  *best
  370   0.0804   0.00001    0.9106   0.6547    0.8876  *best
  380   0.0797   0.00001    0.9107   0.6544    0.8876  *best
  390   0.0785   0.00001    0.9109   0.6540    0.8877  *best
  400   0.0801   0.00001    0.9110   0.6540    0.8877  *best
Best val AUC: 0.8877 at epoch 400
==================================================
TEST SET RESULTS (best checkpoint, argmax @ 0.5)
==================================================
accuracy     0.8869
precision    0.2384
recall       0.6082
f1_weighted  0.9093
f1_macro     0.6403
roc_auc      0.8760
